C:\Users\tusha\Anaconda3\envs\tf-gpu\python.exe C:/Users/tusha/Documents/Masters_Project/Genetic_Algo/init_challenge.py
Best parameters: [-0.1  0.3 -0.7  0.1]
y_hat : 
 [-1.2        -1.16521953 -1.13105139 -1.09749235 -1.06453916 -1.03218858
 -1.00043738 -0.96928232 -0.93872015 -0.90874763 -0.87936153 -0.85055861
 -0.82233562 -0.79468932 -0.76761649 -0.74111386 -0.71517822 -0.68980631
 -0.6649949  -0.64074074 -0.6170406  -0.59389124 -0.57128941 -0.54923188
 -0.52771541 -0.50673676 -0.48629268 -0.46637994 -0.4469953  -0.42813551
 -0.40979735 -0.39197756 -0.37467291 -0.35788016 -0.34159606 -0.32581739
 -0.3105409  -0.29576334 -0.28148148 -0.26769208 -0.2543919  -0.24157771
 -0.22924625 -0.21739429 -0.20601859 -0.19511591 -0.18468301 -0.17471665
 -0.16521359 -0.15617059 -0.14758441 -0.13945182 -0.13176956 -0.1245344
 -0.11774311 -0.11139244 -0.10547915 -0.1        -0.09495175 -0.09033117
 -0.08613501 -0.08236002 -0.07900299 -0.07606065 -0.07352978 -0.07140713
 -0.06968946 -0.06837353 -0.06745611 -0.06693396 -0.06680382 -0.06706247
 -0.06770666 -0.06873316 -0.07013872 -0.0719201  -0.07407407 -0.07659739
 -0.07948681 -0.08273909 -0.086351   -0.09031929 -0.09464073 -0.09931207
 -0.10433008 -0.10969151 -0.11539313 -0.1214317  -0.12780397 -0.1345067
 -0.14153667 -0.14889062 -0.15656531 -0.16455752 -0.17286399 -0.18148148
 -0.19040676 -0.1996366  -0.20916773 -0.21899694 -0.22912097 -0.23953659
 -0.25024056 -0.26122964 -0.27250058 -0.28405015 -0.29587511 -0.30797222
 -0.32033824 -0.33296993 -0.34586404 -0.35901735 -0.3724266  -0.38608857
 -0.4       ] 

POPULATION EVOLUTION :------------------------
{73: 0.35095954940107826, 38: 0.3829110580371843, 9: 0.43134655667491156, 37: 0.4340662987455072, 89: 0.43980803806878127, 49: 0.44429925229643863, 34: 0.4448011809153894, 27: 0.4817165845834811, 96: 0.4885213369090227, 25: 0.531658350837603}
{10: 0.25759535204332007, 73: 0.3014297755751445, 0: 0.35095954940107826, 1: 0.3829110580371843, 28: 0.41354618508337415, 12: 0.41723182682550947, 21: 0.41723182682550947, 30: 0.41723182682550947, 39: 0.41723182682550947, 48: 0.41723182682550947}
{0: 0.25759535204332007, 10: 0.2624605838554343, 1: 0.3014297755751445, 19: 0.3402809178879559, 2: 0.35095954940107826, 37: 0.36902868395643385, 3: 0.3829110580371843, 28: 0.3998602312475524, 46: 0.4030617003444455, 15: 0.40923643437540547}
{0: 0.25759535204332007, 1: 0.2624605838554343, 10: 0.2983555776550209, 2: 0.3014297755751445, 19: 0.3375423771755892, 3: 0.3402809178879559, 4: 0.35095954940107826, 5: 0.36902868395643385, 64: 0.37052725556769095, 6: 0.3829110580371843}
{0: 0.25759535204332007, 1: 0.2624605838554343, 10: 0.2691605055951441, 19: 0.2961271770886321, 2: 0.2983555776550209, 3: 0.3014297755751445, 4: 0.3375423771755892, 5: 0.3402809178879559, 6: 0.35095954940107826, 28: 0.35562584992250185}
{0: 0.25759535204332007, 1: 0.2624605838554343, 2: 0.2691605055951441, 3: 0.2961271770886321, 4: 0.2983555776550209, 5: 0.3014297755751445, 6: 0.3375423771755892, 7: 0.3402809178879559, 8: 0.35095954940107826, 9: 0.35562584992250185}
{0: 0.25759535204332007, 1: 0.2624605838554343, 2: 0.2691605055951441, 3: 0.2961271770886321, 4: 0.2983555776550209, 5: 0.3014297755751445, 10: 0.3281156382826005, 6: 0.3375423771755892, 7: 0.3402809178879559, 8: 0.35095954940107826}
{0: 0.25759535204332007, 10: 0.25855636272972476, 1: 0.2624605838554343, 2: 0.2691605055951441, 19: 0.27386117513375763, 28: 0.28427720404063045, 3: 0.2961271770886321, 4: 0.2983555776550209, 5: 0.3014297755751445, 37: 0.31886645140185405}
{0: 0.25759535204332007, 1: 0.25855636272972476, 2: 0.2624605838554343, 3: 0.2691605055951441, 4: 0.27386117513375763, 5: 0.28427720404063045, 6: 0.2961271770886321, 7: 0.2983555776550209, 8: 0.3014297755751445, 9: 0.31886645140185405}
{91: 0.2571652513668912, 0: 0.25759535204332007, 1: 0.25855636272972476, 73: 0.259969776250084, 64: 0.2606580093228731, 2: 0.2624605838554343, 82: 0.2634261214702033, 55: 0.26605374620440286, 3: 0.2691605055951441, 4: 0.27386117513375763}
{73: [0.35095954940107826, 0.3014297755751445, 0.43542540216521813, 0.5378332105092177, 0.36989355983672334, 0.5539939705254524, 0.5091934931206836, 0.3659349121970147, 0.48350846549423565, 0.259969776250084], 38: [0.3829110580371843, 0.5899485028440368, 0.4177141405987419, 0.40921516607539177, 0.4092129552625026, 0.4183186421406553, 0.48522254490165906, 0.4779149963631102, 0.456211892482512, 0.5830178963864959], 9: [0.43134655667491156, 0.531658350837603, 0.41723182682550947, 0.40923643437540547, 0.3829110580371843, 0.35562584992250185, 0.35562584992250185, 0.35095954940107826, 0.31886645140185405, 0.31886645140185405], 37: [0.4340662987455072, 0.6513767436744761, 0.36902868395643385, 0.46486364273350184, 0.3582331038519583, 0.4898646992112567, 0.44691274820853116, 0.31886645140185405, 0.4244205752140426, 0.2796633423192387], 89: [0.43980803806878127, 0.7042120132746358, 0.7994692582250881, 0.46440016372347315, 0.5955519908550441, 0.48728713490311065, 0.4940108513793238, 0.45062122384589215, 0.4246487323771984, 0.42326477097774723], 49: [0.44429925229643863, 0.4294420371766568, 0.4535508209500088, 0.4840654566733997, 0.43879742855753506, 0.5528022524994026, 0.45444516745849045, 0.4613377555790135, 0.5936338214832799, 0.41784957719054683], 34: [0.4448011809153894, 0.5103017435755478, 0.5205480217436086, 0.4093334974269682, 0.6262278752875095, 0.42867961437080737, 0.5545866641461443, 0.4451997518432906, 0.5449368560552672, 0.4109783949953648], 27: [0.4817165845834811, 0.489697028167039, 0.5254248019647502, 0.43690931774932135, 0.44068309620971674, 0.4323478823974874, 0.5189185611610342, 0.48444174081169494, 0.41078308215680626, 0.4182687141948952], 96: [0.4885213369090227, 0.49747590776691125, 0.40923643437540547, 0.5359075738272436, 0.4105186819697415, 0.41521547627876265, 0.6155063325270647, 0.5435113493143197, 0.47009204969350477, 0.4853860574205463], 25: [0.531658350837603, 0.5103017435755478, 0.5205480217436086, 0.4093334974269682, 0.6262278752875095, 0.42867961437080737, 0.5545866641461443, 0.4451997518432906, 0.5449368560552672, 0.4109783949953648], 2: [0.5454708900052261, 0.43134655667491156, 0.35095954940107826, 0.3014297755751445, 0.2983555776550209, 0.2691605055951441, 0.2691605055951441, 0.2691605055951441, 0.2624605838554343, 0.2624605838554343], 97: [0.5502090005890665, 0.5103017435755478, 0.5205480217436086, 0.4093334974269682, 0.6262278752875095, 0.42867961437080737, 0.5545866641461443, 0.4451997518432906, 0.5449368560552672, 0.4109783949953648], 65: [0.5644443191513971, 0.5899485028440368, 0.4177141405987419, 0.40921516607539177, 0.4092129552625026, 0.4183186421406553, 0.48522254490165906, 0.4779149963631102, 0.456211892482512, 0.5830178963864959], 88: [0.5915685961308709, 0.5103017435755478, 0.5205480217436086, 0.4093334974269682, 0.6262278752875095, 0.42867961437080737, 0.5545866641461443, 0.4451997518432906, 0.5449368560552672, 0.4109783949953648], 86: [0.6314854492888768, 0.4862338428540955, 0.46277775168373636, 0.5855711705710512, 0.4102534950391399, 0.415094288287227, 0.47652886037642894, 0.5660988634721454, 0.49870545482106604, 0.421679115443], 4: [0.6346920559384647, 0.43980803806878127, 0.41354618508337415, 0.35095954940107826, 0.3375423771755892, 0.2983555776550209, 0.2983555776550209, 0.2983555776550209, 0.27386117513375763, 0.27386117513375763], 74: [0.6396633266205279, 0.5899485028440368, 0.4177141405987419, 0.40921516607539177, 0.4092129552625026, 0.4183186421406553, 0.48522254490165906, 0.4779149963631102, 0.456211892482512, 0.5830178963864959], 5: [0.6624989751295914, 0.44429925229643863, 0.41723182682550947, 0.36902868395643385, 0.3402809178879559, 0.3014297755751445, 0.3014297755751445, 0.3014297755751445, 0.28427720404063045, 0.28427720404063045], 1: [0.6731011767419673, 0.3829110580371843, 0.3014297755751445, 0.2624605838554343, 0.2624605838554343, 0.2624605838554343, 0.2624605838554343, 0.2624605838554343, 0.25855636272972476, 0.25855636272972476], 93: [0.6740817037466336, 0.41723182682550947, 0.41914568290314064, 0.4190283647163503, 0.4327890557383349, 0.5283120948350297, 0.41108661750964054, 0.46040758127170306, 0.41925126320016365, 0.4374246339603581], 95: [0.6800071188481652, 0.4862338428540955, 0.46277775168373636, 0.5855711705710512, 0.4102534950391399, 0.415094288287227, 0.47652886037642894, 0.5660988634721454, 0.49870545482106604, 0.421679115443], 13: [0.6844312255335201, 0.4294420371766568, 0.4535508209500088, 0.4840654566733997, 0.43879742855753506, 0.5528022524994026, 0.45444516745849045, 0.4613377555790135, 0.5936338214832799, 0.41784957719054683], 32: [0.7177571622704267, 0.4862338428540955, 0.46277775168373636, 0.5855711705710512, 0.4102534950391399, 0.415094288287227, 0.47652886037642894, 0.5660988634721454, 0.49870545482106604, 0.421679115443], 85: [0.7324082484596799, 0.4294420371766568, 0.4535508209500088, 0.4840654566733997, 0.43879742855753506, 0.5528022524994026, 0.45444516745849045, 0.4613377555790135, 0.5936338214832799, 0.41784957719054683], 57: [0.7420181946559312, 0.41723182682550947, 0.41914568290314064, 0.4190283647163503, 0.4327890557383349, 0.5283120948350297, 0.41108661750964054, 0.46040758127170306, 0.41925126320016365, 0.4374246339603581], 51: [0.7437116425702001, 0.49747590776691125, 0.40923643437540547, 0.5359075738272436, 0.4105186819697415, 0.41521547627876265, 0.6155063325270647, 0.5435113493143197, 0.47009204969350477, 0.4853860574205463], 24: [0.7446169270417846, 0.49747590776691125, 0.40923643437540547, 0.5359075738272436, 0.4105186819697415, 0.41521547627876265, 0.6155063325270647, 0.5435113493143197, 0.47009204969350477, 0.4853860574205463], 47: [0.7717687948131412, 0.5899485028440368, 0.4177141405987419, 0.40921516607539177, 0.4092129552625026, 0.4183186421406553, 0.48522254490165906, 0.4779149963631102, 0.456211892482512, 0.5830178963864959], 56: [0.8367774090061304, 0.5899485028440368, 0.4177141405987419, 0.40921516607539177, 0.4092129552625026, 0.4183186421406553, 0.48522254490165906, 0.4779149963631102, 0.456211892482512, 0.5830178963864959], 18: [0.8627395273931595, 0.489697028167039, 0.5254248019647502, 0.43690931774932135, 0.44068309620971674, 0.4323478823974874, 0.5189185611610342, 0.48444174081169494, 0.41078308215680626, 0.4182687141948952], 22: [0.8752175756429432, 0.4294420371766568, 0.4535508209500088, 0.4840654566733997, 0.43879742855753506, 0.5528022524994026, 0.45444516745849045, 0.4613377555790135, 0.5936338214832799, 0.41784957719054683], 63: [0.8862481372128108, 0.489697028167039, 0.5254248019647502, 0.43690931774932135, 0.44068309620971674, 0.4323478823974874, 0.5189185611610342, 0.48444174081169494, 0.41078308215680626, 0.4182687141948952], 45: [0.8944490901067053, 0.489697028167039, 0.5254248019647502, 0.43690931774932135, 0.44068309620971674, 0.4323478823974874, 0.5189185611610342, 0.48444174081169494, 0.41078308215680626, 0.4182687141948952], 23: [0.8961650064596817, 0.4862338428540955, 0.46277775168373636, 0.5855711705710512, 0.4102534950391399, 0.415094288287227, 0.47652886037642894, 0.5660988634721454, 0.49870545482106604, 0.421679115443], 35: [0.8986050977228123, 0.7042120132746358, 0.7994692582250881, 0.46440016372347315, 0.5955519908550441, 0.48728713490311065, 0.4940108513793238, 0.45062122384589215, 0.4246487323771984, 0.42326477097774723], 54: [0.9043740990888213, 0.489697028167039, 0.5254248019647502, 0.43690931774932135, 0.44068309620971674, 0.4323478823974874, 0.5189185611610342, 0.48444174081169494, 0.41078308215680626, 0.4182687141948952], 6: [0.9658007484808847, 0.4448011809153894, 0.41723182682550947, 0.3829110580371843, 0.35095954940107826, 0.3375423771755892, 0.3375423771755892, 0.3281156382826005, 0.2961271770886321, 0.2961271770886321], 40: [0.9843159231973955, 0.4294420371766568, 0.4535508209500088, 0.4840654566733997, 0.43879742855753506, 0.5528022524994026, 0.45444516745849045, 0.4613377555790135, 0.5936338214832799, 0.41784957719054683], 46: [1.0001145032313794, 0.4854336621967159, 0.4030617003444455, 0.4797502997612834, 0.40509540278732287, 0.49365260071336337, 0.45055456271337924, 0.321513913289839, 0.4362071094377883, 0.27421936364529986], 84: [1.0005896841694581, 0.41723182682550947, 0.41914568290314064, 0.4190283647163503, 0.4327890557383349, 0.5283120948350297, 0.41108661750964054, 0.46040758127170306, 0.41925126320016365, 0.4374246339603581], 16: [1.0354724896067762, 0.5103017435755478, 0.5205480217436086, 0.4093334974269682, 0.6262278752875095, 0.42867961437080737, 0.5545866641461443, 0.4451997518432906, 0.5449368560552672, 0.4109783949953648], 81: [1.0481466870716294, 0.489697028167039, 0.5254248019647502, 0.43690931774932135, 0.44068309620971674, 0.4323478823974874, 0.5189185611610342, 0.48444174081169494, 0.41078308215680626, 0.4182687141948952], 87: [1.0493260625561733, 0.49747590776691125, 0.40923643437540547, 0.5359075738272436, 0.4105186819697415, 0.41521547627876265, 0.6155063325270647, 0.5435113493143197, 0.47009204969350477, 0.4853860574205463], 75: [1.0620630572400211, 0.41723182682550947, 0.41914568290314064, 0.4190283647163503, 0.4327890557383349, 0.5283120948350297, 0.41108661750964054, 0.46040758127170306, 0.41925126320016365, 0.4374246339603581], 59: [1.0653480985365145, 0.4862338428540955, 0.46277775168373636, 0.5855711705710512, 0.4102534950391399, 0.415094288287227, 0.47652886037642894, 0.5660988634721454, 0.49870545482106604, 0.421679115443], 20: [1.0663369585383762, 0.5899485028440368, 0.4177141405987419, 0.40921516607539177, 0.4092129552625026, 0.4183186421406553, 0.48522254490165906, 0.4779149963631102, 0.456211892482512, 0.5830178963864959], 82: [1.1008610582668836, 0.6613301186737776, 0.43542540216521813, 0.4244372827724183, 0.39569871193508455, 0.5702191779494737, 0.5248344650073472, 0.36847289590725907, 0.4854603704796176, 0.2634261214702033], 79: [1.1248124609823655, 0.5103017435755478, 0.5205480217436086, 0.4093334974269682, 0.6262278752875095, 0.42867961437080737, 0.5545866641461443, 0.4451997518432906, 0.5449368560552672, 0.4109783949953648], 92: [1.1364776289838008, 0.5899485028440368, 0.4177141405987419, 0.40921516607539177, 0.4092129552625026, 0.4183186421406553, 0.48522254490165906, 0.4779149963631102, 0.456211892482512, 0.5830178963864959], 11: [1.142599977427328, 0.5899485028440368, 0.4177141405987419, 0.40921516607539177, 0.4092129552625026, 0.4183186421406553, 0.48522254490165906, 0.4779149963631102, 0.456211892482512, 0.5830178963864959], 15: [1.1426861168850064, 0.49747590776691125, 0.40923643437540547, 0.5359075738272436, 0.4105186819697415, 0.41521547627876265, 0.6155063325270647, 0.5435113493143197, 0.47009204969350477, 0.4853860574205463], 19: [1.1935654881132047, 0.5171180463670503, 0.3402809178879559, 0.3375423771755892, 0.2961271770886321, 0.41253441129151863, 0.3737022853195639, 0.27386117513375763, 0.38385392091040027, 0.3042377743010699], 53: [1.196208598903717, 0.7042120132746358, 0.7994692582250881, 0.46440016372347315, 0.5955519908550441, 0.48728713490311065, 0.4940108513793238, 0.45062122384589215, 0.4246487323771984, 0.42326477097774723], 64: [1.2012761540413097, 0.5387115619019414, 0.43542540216521813, 0.37052725556769095, 0.4208932131644626, 0.5522711313348375, 0.5073278554715717, 0.355519969663656, 0.47975098862996873, 0.2606580093228731], 62: [1.2285931872921005, 0.7042120132746358, 0.7994692582250881, 0.46440016372347315, 0.5955519908550441, 0.48728713490311065, 0.4940108513793238, 0.45062122384589215, 0.4246487323771984, 0.42326477097774723], 17: [1.2406032303319474, 0.7042120132746358, 0.7994692582250881, 0.46440016372347315, 0.5955519908550441, 0.48728713490311065, 0.4940108513793238, 0.45062122384589215, 0.4246487323771984, 0.42326477097774723], 10: [1.2429850494887071, 0.25759535204332007, 0.2624605838554343, 0.2983555776550209, 0.2691605055951441, 0.3623020027172344, 0.3281156382826005, 0.25855636272972476, 0.3539992485483773, 0.3284170155924648], 48: [1.2437835103153378, 0.41723182682550947, 0.41914568290314064, 0.4190283647163503, 0.4327890557383349, 0.5283120948350297, 0.41108661750964054, 0.46040758127170306, 0.41925126320016365, 0.4374246339603581], 14: [1.2485119984342885, 0.4862338428540955, 0.46277775168373636, 0.5855711705710512, 0.4102534950391399, 0.415094288287227, 0.47652886037642894, 0.5660988634721454, 0.49870545482106604, 0.421679115443], 83: [1.3047242467545317, 0.5899485028440368, 0.4177141405987419, 0.40921516607539177, 0.4092129552625026, 0.4183186421406553, 0.48522254490165906, 0.4779149963631102, 0.456211892482512, 0.5830178963864959], 33: [1.3081917288022866, 0.49747590776691125, 0.40923643437540547, 0.5359075738272436, 0.4105186819697415, 0.41521547627876265, 0.6155063325270647, 0.5435113493143197, 0.47009204969350477, 0.4853860574205463], 8: [1.3219903625823053, 0.4885213369090227, 0.41723182682550947, 0.4030617003444455, 0.37052725556769095, 0.35095954940107826, 0.35095954940107826, 0.3402809178879559, 0.3014297755751445, 0.3014297755751445], 94: [1.3268326821582932, 0.4294420371766568, 0.4535508209500088, 0.4840654566733997, 0.43879742855753506, 0.5528022524994026, 0.45444516745849045, 0.4613377555790135, 0.5936338214832799, 0.41784957719054683], 72: [1.3434441127563677, 0.489697028167039, 0.5254248019647502, 0.43690931774932135, 0.44068309620971674, 0.4323478823974874, 0.5189185611610342, 0.48444174081169494, 0.41078308215680626, 0.4182687141948952], 76: [1.3457860301294007, 0.4294420371766568, 0.4535508209500088, 0.4840654566733997, 0.43879742855753506, 0.5528022524994026, 0.45444516745849045, 0.4613377555790135, 0.5936338214832799, 0.41784957719054683], 31: [1.4763536625725349, 0.4294420371766568, 0.4535508209500088, 0.4840654566733997, 0.43879742855753506, 0.5528022524994026, 0.45444516745849045, 0.4613377555790135, 0.5936338214832799, 0.41784957719054683], 99: [1.493436348684656, 0.489697028167039, 0.5254248019647502, 0.43690931774932135, 0.44068309620971674, 0.4323478823974874, 0.5189185611610342, 0.48444174081169494, 0.41078308215680626, 0.4182687141948952], 0: [1.5201328586948095, 0.35095954940107826, 0.25759535204332007, 0.25759535204332007, 0.25759535204332007, 0.25759535204332007, 0.25759535204332007, 0.25759535204332007, 0.25759535204332007, 0.25759535204332007], 71: [1.5298357850949662, 0.7042120132746358, 0.7994692582250881, 0.46440016372347315, 0.5955519908550441, 0.48728713490311065, 0.4940108513793238, 0.45062122384589215, 0.4246487323771984, 0.42326477097774723], 30: [1.5604102790641168, 0.41723182682550947, 0.41914568290314064, 0.4190283647163503, 0.4327890557383349, 0.5283120948350297, 0.41108661750964054, 0.46040758127170306, 0.41925126320016365, 0.4374246339603581], 12: [1.580931223919218, 0.41723182682550947, 0.41914568290314064, 0.4190283647163503, 0.4327890557383349, 0.5283120948350297, 0.41108661750964054, 0.46040758127170306, 0.41925126320016365, 0.4374246339603581], 69: [1.5963961710157806, 0.49747590776691125, 0.40923643437540547, 0.5359075738272436, 0.4105186819697415, 0.41521547627876265, 0.6155063325270647, 0.5435113493143197, 0.47009204969350477, 0.4853860574205463], 26: [1.6182605359910223, 0.7042120132746358, 0.7994692582250881, 0.46440016372347315, 0.5955519908550441, 0.48728713490311065, 0.4940108513793238, 0.45062122384589215, 0.4246487323771984, 0.42326477097774723], 68: [1.6240846529987136, 0.4862338428540955, 0.46277775168373636, 0.5855711705710512, 0.4102534950391399, 0.415094288287227, 0.47652886037642894, 0.5660988634721454, 0.49870545482106604, 0.421679115443], 58: [1.6346546298832862, 0.4294420371766568, 0.4535508209500088, 0.4840654566733997, 0.43879742855753506, 0.5528022524994026, 0.45444516745849045, 0.4613377555790135, 0.5936338214832799, 0.41784957719054683], 66: [1.6836329068630727, 0.41723182682550947, 0.41914568290314064, 0.4190283647163503, 0.4327890557383349, 0.5283120948350297, 0.41108661750964054, 0.46040758127170306, 0.41925126320016365, 0.4374246339603581], 44: [1.6868994801314718, 0.7042120132746358, 0.7994692582250881, 0.46440016372347315, 0.5955519908550441, 0.48728713490311065, 0.4940108513793238, 0.45062122384589215, 0.4246487323771984, 0.42326477097774723], 36: [1.6871654834450416, 0.489697028167039, 0.5254248019647502, 0.43690931774932135, 0.44068309620971674, 0.4323478823974874, 0.5189185611610342, 0.48444174081169494, 0.41078308215680626, 0.4182687141948952], 41: [1.690172829733156, 0.4862338428540955, 0.46277775168373636, 0.5855711705710512, 0.4102534950391399, 0.415094288287227, 0.47652886037642894, 0.5660988634721454, 0.49870545482106604, 0.421679115443], 28: [1.7029400156109715, 0.41354618508337415, 0.3998602312475524, 0.41082648389800774, 0.35562584992250185, 0.4339721069974186, 0.3937305474420298, 0.28427720404063045, 0.4032740009526951, 0.29133316728931075], 29: [1.728516787417117, 0.5899485028440368, 0.4177141405987419, 0.40921516607539177, 0.4092129552625026, 0.4183186421406553, 0.48522254490165906, 0.4779149963631102, 0.456211892482512, 0.5830178963864959], 39: [1.754118807809551, 0.41723182682550947, 0.41914568290314064, 0.4190283647163503, 0.4327890557383349, 0.5283120948350297, 0.41108661750964054, 0.46040758127170306, 0.41925126320016365, 0.4374246339603581], 98: [1.7549183956860046, 0.7042120132746358, 0.7994692582250881, 0.46440016372347315, 0.5955519908550441, 0.48728713490311065, 0.4940108513793238, 0.45062122384589215, 0.4246487323771984, 0.42326477097774723], 52: [1.7686179930567651, 0.5103017435755478, 0.5205480217436086, 0.4093334974269682, 0.6262278752875095, 0.42867961437080737, 0.5545866641461443, 0.4451997518432906, 0.5449368560552672, 0.4109783949953648], 77: [1.769804981818418, 0.4862338428540955, 0.46277775168373636, 0.5855711705710512, 0.4102534950391399, 0.415094288287227, 0.47652886037642894, 0.5660988634721454, 0.49870545482106604, 0.421679115443], 80: [1.7771248002331137, 0.7042120132746358, 0.7994692582250881, 0.46440016372347315, 0.5955519908550441, 0.48728713490311065, 0.4940108513793238, 0.45062122384589215, 0.4246487323771984, 0.42326477097774723], 7: [1.782707583583793, 0.4817165845834811, 0.41723182682550947, 0.3998602312475524, 0.36902868395643385, 0.3402809178879559, 0.3402809178879559, 0.3375423771755892, 0.2983555776550209, 0.2983555776550209], 90: [1.830029992970368, 0.489697028167039, 0.5254248019647502, 0.43690931774932135, 0.44068309620971674, 0.4323478823974874, 0.5189185611610342, 0.48444174081169494, 0.41078308215680626, 0.4182687141948952], 70: [1.841646249369597, 0.5103017435755478, 0.5205480217436086, 0.4093334974269682, 0.6262278752875095, 0.42867961437080737, 0.5545866641461443, 0.4451997518432906, 0.5449368560552672, 0.4109783949953648], 91: [1.8905703206947828, 0.7649066685988198, 0.43542540216521813, 0.4436529777263838, 0.366805425039471, 0.5763016750862835, 0.5307777010411944, 0.3805657170359985, 0.5154394796892554, 0.2571652513668912], 21: [1.8947329841162115, 0.41723182682550947, 0.41914568290314064, 0.4190283647163503, 0.4327890557383349, 0.5283120948350297, 0.41108661750964054, 0.46040758127170306, 0.41925126320016365, 0.4374246339603581], 50: [2.0111157520125134, 0.4862338428540955, 0.46277775168373636, 0.5855711705710512, 0.4102534950391399, 0.415094288287227, 0.47652886037642894, 0.5660988634721454, 0.49870545482106604, 0.421679115443], 61: [2.0390102714511187, 0.5103017435755478, 0.5205480217436086, 0.4093334974269682, 0.6262278752875095, 0.42867961437080737, 0.5545866641461443, 0.4451997518432906, 0.5449368560552672, 0.4109783949953648], 55: [2.0418863438058215, 0.6729390854114741, 0.43542540216521813, 0.3863163875919058, 0.4074013803678515, 0.49556676569344377, 0.4526405711787255, 0.3243805229798635, 0.4582917334424793, 0.26605374620440286], 42: [2.1561420264895017, 0.49747590776691125, 0.40923643437540547, 0.5359075738272436, 0.4105186819697415, 0.41521547627876265, 0.6155063325270647, 0.5435113493143197, 0.47009204969350477, 0.4853860574205463], 67: [2.3638336360705554, 0.4294420371766568, 0.4535508209500088, 0.4840654566733997, 0.43879742855753506, 0.5528022524994026, 0.45444516745849045, 0.4613377555790135, 0.5936338214832799, 0.41784957719054683], 78: [2.4807949414675536, 0.49747590776691125, 0.40923643437540547, 0.5359075738272436, 0.4105186819697415, 0.41521547627876265, 0.6155063325270647, 0.5435113493143197, 0.47009204969350477, 0.4853860574205463], 3: [2.691356215684457, 0.4340662987455072, 0.3829110580371843, 0.3402809178879559, 0.3014297755751445, 0.2961271770886321, 0.2961271770886321, 0.2961271770886321, 0.2691605055951441, 0.2691605055951441], 60: [3.1320318437981878, 0.49747590776691125, 0.40923643437540547, 0.5359075738272436, 0.4105186819697415, 0.41521547627876265, 0.6155063325270647, 0.5435113493143197, 0.47009204969350477, 0.4853860574205463], 43: [3.5606520124646233, 0.5103017435755478, 0.5205480217436086, 0.4093334974269682, 0.6262278752875095, 0.42867961437080737, 0.5545866641461443, 0.4451997518432906, 0.5449368560552672, 0.4109783949953648]} 100

Process finished with exit code 0
